              precision    recall  f1-score   support

           0     0.6267    0.7966    0.7015        59
           1     0.6250    0.2273    0.3333        22
           2     0.1111    0.0833    0.0952        12
           3     0.0833    0.0500    0.0625        20
           4     0.1429    0.1176    0.1290        17
           5     0.0000    0.0000    0.0000        10
           6     0.1739    0.1176    0.1404        34
           7     0.6802    0.7784    0.7260       194
           8     0.0000    0.0000    0.0000         5

    accuracy                         0.5657       373
   macro avg     0.2715    0.2412    0.2431       373
weighted avg     0.5202    0.5657    0.5333       373
