              precision    recall  f1-score   support

           0     0.6061    0.3390    0.4348        59
           1     0.1667    0.1364    0.1500        22
           2     0.1111    0.1667    0.1333        12
           3     0.0526    0.0500    0.0513        20
           4     0.1852    0.2941    0.2273        17
           5     0.0000    0.0000    0.0000        10
           6     0.3000    0.0882    0.1364        34
           7     0.6471    0.6804    0.6633       194
           8     0.0500    0.2000    0.0800         5

    accuracy                         0.4477       373
   macro avg     0.2354    0.2172    0.2085       373
weighted avg     0.4851    0.4477    0.4535       373
