              precision    recall  f1-score   support

           0     0.6620    0.7966    0.7231        59
           1     0.2500    0.1364    0.1765        22
           2     0.2500    0.1667    0.2000        12
           3     0.1000    0.0500    0.0667        20
           4     0.2500    0.1176    0.1600        17
           5     0.1000    0.1000    0.1000        10
           6     0.5000    0.1176    0.1905        34
           7     0.6398    0.7784    0.7023       194
           8     0.0000    0.0000    0.0000         5

    accuracy                         0.5657       373
   macro avg     0.3058    0.2515    0.2577       373
weighted avg     0.5253    0.5657    0.5274       373
