              precision    recall  f1-score   support

           0     0.6400    0.8136    0.7164        59
           1     0.1500    0.1364    0.1429        22
           2     0.2000    0.1667    0.1818        12
           3     0.0625    0.0500    0.0556        20
           4     0.2222    0.1176    0.1538        17
           5     0.0909    0.1000    0.0952        10
           6     0.3500    0.2059    0.2593        34
           7     0.6834    0.7010    0.6921       194
           8     0.0000    0.0000    0.0000         5

    accuracy                         0.5362       373
   macro avg     0.2666    0.2546    0.2552       373
weighted avg     0.5198    0.5362    0.5237       373
