              precision    recall  f1-score   support

           0     0.6800    0.8644    0.7612        59
           1     0.1538    0.0909    0.1143        22
           2     0.2500    0.1667    0.2000        12
           3     0.0769    0.0500    0.0606        20
           4     0.1333    0.1176    0.1250        17
           5     0.0000    0.0000    0.0000        10
           6     0.2812    0.2647    0.2727        34
           7     0.6814    0.7165    0.6985       194
           8     0.0000    0.0000    0.0000         5

    accuracy                         0.5523       373
   macro avg     0.2507    0.2523    0.2480       373
weighted avg     0.5149    0.5523    0.5307       373
