              precision    recall  f1-score   support

           0     0.7042    0.8475    0.7692        59
           1     0.1333    0.0909    0.1081        22
           2     0.2222    0.1667    0.1905        12
           3     0.0714    0.0500    0.0588        20
           4     0.1176    0.1176    0.1176        17
           5     0.0000    0.0000    0.0000        10
           6     0.2647    0.2647    0.2647        34
           7     0.6853    0.6959    0.6905       194
           8     0.0000    0.0000    0.0000         5

    accuracy                         0.5389       373
   macro avg     0.2443    0.2481    0.2444       373
weighted avg     0.5161    0.5389    0.5260       373
