              precision    recall  f1-score   support

           0     0.6711    0.8644    0.7556        59
           1     0.1333    0.0909    0.1081        22
           2     0.2500    0.1667    0.2000        12
           3     0.0769    0.0500    0.0606        20
           4     0.0714    0.0588    0.0645        17
           5     0.0000    0.0000    0.0000        10
           6     0.2581    0.2353    0.2462        34
           7     0.6700    0.7010    0.6851       194
           8     0.0000    0.0000    0.0000         5

    accuracy                         0.5389       373
   macro avg     0.2368    0.2408    0.2356       373
weighted avg     0.5014    0.5389    0.5173       373
