              precision    recall  f1-score   support

           0     0.6623    0.8644    0.7500        59
           1     0.1667    0.1364    0.1500        22
           2     0.2222    0.1667    0.1905        12
           3     0.1000    0.1000    0.1000        20
           4     0.1667    0.1765    0.1714        17
           5     0.0909    0.1000    0.0952        10
           6     0.3214    0.2647    0.2903        34
           7     0.6923    0.6495    0.6702       194
           8     0.0000    0.0000    0.0000         5

    accuracy                         0.5282       373
   macro avg     0.2692    0.2731    0.2686       373
weighted avg     0.5265    0.5282    0.5244       373
