              precision    recall  f1-score   support

           0     0.7143    0.8475    0.7752        59
           1     0.1250    0.0909    0.1053        22
           2     0.2000    0.1667    0.1818        12
           3     0.1111    0.1000    0.1053        20
           4     0.1500    0.1765    0.1622        17
           5     0.0833    0.1000    0.0909        10
           6     0.2647    0.2647    0.2647        34
           7     0.6902    0.6546    0.6720       194
           8     0.0000    0.0000    0.0000         5

    accuracy                         0.5255       373
   macro avg     0.2599    0.2668    0.2619       373
weighted avg     0.5249    0.5255    0.5238       373
