              precision    recall  f1-score   support

           0     0.5246    0.5424    0.5333        59
           1     0.2273    0.2273    0.2273        22
           2     0.1111    0.1667    0.1333        12
           3     0.0000    0.0000    0.0000        20
           4     0.1429    0.2353    0.1778        17
           5     0.0000    0.0000    0.0000        10
           6     0.2105    0.1176    0.1509        34
           7     0.6552    0.5876    0.6196       194
           8     0.0000    0.0000    0.0000         5

    accuracy                         0.4316       373
   macro avg     0.2079    0.2085    0.2047       373
weighted avg     0.4664    0.4316    0.4462       373
