              precision    recall  f1-score   support

           0     0.5897    0.7797    0.6715        59
           1     0.4167    0.2273    0.2941        22
           2     0.1250    0.0833    0.1000        12
           3     0.1111    0.1000    0.1053        20
           4     0.1111    0.1176    0.1143        17
           5     0.0000    0.0000    0.0000        10
           6     0.1481    0.1176    0.1311        34
           7     0.6939    0.7010    0.6974       194
           8     0.0000    0.0000    0.0000         5

    accuracy                         0.5255       373
   macro avg     0.2440    0.2363    0.2349       373
weighted avg     0.5073    0.5255    0.5123       373
