              precision    recall  f1-score   support

           0     0.7246    0.8475    0.7812        59
           1     0.1333    0.0909    0.1081        22
           2     0.2222    0.1667    0.1905        12
           3     0.1333    0.1000    0.1143        20
           4     0.1667    0.1765    0.1714        17
           5     0.0000    0.0000    0.0000        10
           6     0.2432    0.2647    0.2535        34
           7     0.6911    0.6804    0.6857       194
           8     0.0000    0.0000    0.0000         5

    accuracy                         0.5362       373
   macro avg     0.2572    0.2585    0.2561       373
weighted avg     0.5260    0.5362    0.5298       373
