              precision    recall  f1-score   support

           0     0.6607    0.6271    0.6435        59
           1     0.2424    0.3636    0.2909        22
           2     0.1818    0.1667    0.1739        12
           3     0.0870    0.1000    0.0930        20
           4     0.1500    0.1765    0.1622        17
           5     0.1111    0.1000    0.1053        10
           6     0.1915    0.2647    0.2222        34
           7     0.6566    0.5619    0.6056       194
           8     0.0000    0.0000    0.0000         5

    accuracy                         0.4584       373
   macro avg     0.2535    0.2623    0.2552       373
weighted avg     0.4981    0.4584    0.4749       373
