              precision    recall  f1-score   support

           0     0.6400    0.8136    0.7164        59
           1     0.3333    0.0909    0.1429        22
           2     0.1429    0.0833    0.1053        12
           3     0.0000    0.0000    0.0000        20
           4     0.1429    0.1176    0.1290        17
           5     0.0000    0.0000    0.0000        10
           6     0.2857    0.1176    0.1667        34
           7     0.6624    0.8093    0.7285       194
           8     0.0000    0.0000    0.0000         5

    accuracy                         0.5737       373
   macro avg     0.2452    0.2258    0.2210       373
weighted avg     0.5026    0.5737    0.5251       373
