              precision    recall  f1-score   support

           0     0.6842    0.6610    0.6724        59
           1     0.2222    0.2727    0.2449        22
           2     0.2308    0.2500    0.2400        12
           3     0.0833    0.1000    0.0909        20
           4     0.0714    0.0588    0.0645        17
           5     0.1000    0.1000    0.1000        10
           6     0.1556    0.2059    0.1772        34
           7     0.6836    0.6237    0.6523       194
           8     0.0000    0.0000    0.0000         5

    accuracy                         0.4826       373
   macro avg     0.2479    0.2525    0.2491       373
weighted avg     0.5089    0.4826    0.4944       373
