              precision    recall  f1-score   support

           0     0.7581    0.7966    0.7769        59
           1     0.1429    0.1364    0.1395        22
           2     0.2222    0.1667    0.1905        12
           3     0.0769    0.1000    0.0870        20
           4     0.1579    0.1765    0.1667        17
           5     0.0000    0.0000    0.0000        10
           6     0.2143    0.1765    0.1935        34
           7     0.7143    0.7216    0.7179       194
           8     0.0000    0.0000    0.0000         5

    accuracy                         0.5442       373
   macro avg     0.2541    0.2527    0.2524       373
weighted avg     0.5378    0.5442    0.5406       373
