              precision    recall  f1-score   support

           0     0.4583    0.3729    0.4112        59
           1     0.2400    0.2727    0.2553        22
           2     0.1111    0.1667    0.1333        12
           3     0.0000    0.0000    0.0000        20
           4     0.1562    0.2941    0.2041        17
           5     0.0000    0.0000    0.0000        10
           6     0.2308    0.1765    0.2000        34
           7     0.6562    0.5412    0.5932       194
           8     0.0000    0.0000    0.0000         5

    accuracy                         0.3914       373
   macro avg     0.2059    0.2027    0.1997       373
weighted avg     0.4597    0.3914    0.4205       373
