              precision    recall  f1-score   support

           0     0.6400    0.8136    0.7164        59
           1     0.4000    0.0909    0.1481        22
           2     0.1667    0.0833    0.1111        12
           3     0.0000    0.0000    0.0000        20
           4     0.0769    0.0588    0.0667        17
           5     0.0000    0.0000    0.0000        10
           6     0.2143    0.0882    0.1250        34
           7     0.6653    0.8196    0.7344       194
           8     0.0000    0.0000    0.0000         5

    accuracy                         0.5737       373
   macro avg     0.2403    0.2172    0.2113       373
weighted avg     0.4992    0.5737    0.5220       373
