              precision    recall  f1-score   support

           0     0.7419    0.7797    0.7603        59
           1     0.0952    0.0909    0.0930        22
           2     0.1818    0.1667    0.1739        12
           3     0.0952    0.1000    0.0976        20
           4     0.0714    0.0588    0.0645        17
           5     0.0000    0.0000    0.0000        10
           6     0.1852    0.1471    0.1639        34
           7     0.6796    0.7216    0.7000       194
           8     0.0000    0.0000    0.0000         5

    accuracy                         0.5308       373
   macro avg     0.2278    0.2294    0.2281       373
weighted avg     0.5075    0.5308    0.5185       373
